% FWM 四波混频

f1=4.4;
f2=4.468;

f3=2*f1-f2;
f4=2*f2-f1
